Collection name='AliAlignObjParamss', class='TClonesArray', size=2437
 Volume=ITS
  0.99999485 -0.00317027  0.00049474    Tx =  -0.12000000    Psi   =   0.01330202
  0.00317039  0.99999495 -0.00023216    Ty =  -0.07000000    Theta =   0.02834627
 -0.00049400  0.00023373  0.99999985    Tz =   0.29000000    Phi   =   0.18164354
 Volume=ITS/SPD0/Sector0
  0.99993497  0.01136370 -0.00095734    Tx =  -0.04066127    Psi   =   0.00786118
 -0.01136384  0.99993542 -0.00013720    Ty =  -0.01174735    Theta =  -0.05485128
  0.00095571  0.00014807  0.99999953    Tz =   0.00528787    Phi   =  -0.65110663
 Volume=ITS/SPD0/Sector0/Stave0/HalfStave0
  0.99992666 -0.01204089  0.00130304    Tx =   0.02742842    Psi   =  -0.02469491
  0.01204033  0.99992742  0.00043101    Ty =  -0.03317244    Theta =   0.07465847
 -0.00130813 -0.00041529  0.99999906    Tz =   0.00727371    Phi   =   0.68990925
 Volume=ITS/SPD0/Sector0/Stave0/HalfStave0/Ladder0
VolumeID=2048 LayerID=1 ( ITS inner pixels layer ) ModuleID=0
  0.99999781 -0.00208825 -0.00012210    Tx =   0.00228417    Psi   =   0.00013687
  0.00208825  0.99999782 -0.00000239    Ty =  -0.07854735    Theta =  -0.00699588
  0.00012211  0.00000213  0.99999999    Tz =   0.05955390    Phi   =   0.11964823
 Volume=ITS/SPD0/Sector0/Stave0/HalfStave0/Ladder1
VolumeID=2049 LayerID=1 ( ITS inner pixels layer ) ModuleID=1
  0.99996440  0.00843654 -0.00011831    Tx =   0.00347728    Psi   =   0.01816449
 -0.00843657  0.99996436 -0.00031703    Ty =  -0.03328736    Theta =  -0.00677881
  0.00011563  0.00031802  0.99999994    Tz =   0.06179424    Phi   =  -0.48338372
 Volume=ITS/SPD0/Sector0/Stave0/HalfStave1
  0.99996967 -0.00775749 -0.00068942    Tx =   0.02357326    Psi   =   0.01068678
  0.00775737  0.99996989 -0.00018652    Ty =  -0.01704272    Theta =  -0.03950103
  0.00069085  0.00018117  0.99999974    Tz =  -0.00049174    Phi   =   0.44447628
 Volume=ITS/SPD0/Sector0/Stave0/HalfStave1/Ladder2
VolumeID=2050 LayerID=1 ( ITS inner pixels layer ) ModuleID=2
  0.99999723  0.00189026 -0.00140023    Tx =  -0.00309440    Psi   =   0.01940772
 -0.00189074  0.99999816 -0.00033873    Ty =  -0.06151373    Theta =  -0.08022715
  0.00139958  0.00034137  0.99999896    Tz =   0.05538364    Phi   =  -0.10830411
 Volume=ITS/SPD0/Sector0/Stave0/HalfStave1/Ladder3
VolumeID=2051 LayerID=1 ( ITS inner pixels layer ) ModuleID=3
  0.99998939  0.00445814  0.00116305    Tx =   0.00869400    Psi   =  -0.00140846
 -0.00445817  0.99999006  0.00002458    Ty =  -0.05032221    Theta =   0.06663780
 -0.00116293 -0.00002977  0.99999932    Tz =   0.06590011    Phi   =  -0.25543348
 Volume=ITS/SPD0/Sector0/Stave1/HalfStave0
  0.99982622 -0.01864095  0.00023047    Tx =   0.04426805    Psi   =   0.01015393
  0.01864100  0.99982623 -0.00017722    Ty =  -0.05390827    Theta =   0.01320498
 -0.00022713  0.00018148  0.99999996    Tz =   0.00402973    Phi   =   1.06810993
 Volume=ITS/SPD0/Sector0/Stave1/HalfStave0/Ladder0
VolumeID=2052 LayerID=1 ( ITS inner pixels layer ) ModuleID=4
  0.99998703  0.00509283 -0.00002924    Tx =  -0.00166679    Psi   =   0.00294967
 -0.00509283  0.99998703 -0.00005148    Ty =  -0.05100291    Theta =  -0.00167551
  0.00002898  0.00005163  1.00000000    Tz =   0.06123936    Phi   =  -0.29179911
 Volume=ITS/SPD0/Sector0/Stave1/HalfStave0/Ladder1
VolumeID=2053 LayerID=1 ( ITS inner pixels layer ) ModuleID=5
  0.99999919  0.00125581 -0.00021079    Tx =   0.00717391    Psi   =   0.01525193
 -0.00125587  0.99999918 -0.00026620    Ty =  -0.06085285    Theta =  -0.01207717
  0.00021045  0.00026646  0.99999994    Tz =   0.06004627    Phi   =  -0.07195282
 Volume=ITS/SPD0/Sector0/Stave1/HalfStave1
  0.99986549 -0.01638115  0.00081535    Tx =   0.04334436    Psi   =  -0.00480224
  0.01638109  0.99986582  0.00008381    Ty =  -0.04672254    Theta =   0.04671638
 -0.00081662 -0.00007045  0.99999966    Tz =   0.00961322    Phi   =   0.93861327
 Volume=ITS/SPD0/Sector0/Stave1/HalfStave1/Ladder2
VolumeID=2054 LayerID=1 ( ITS inner pixels layer ) ModuleID=6
  0.99999874  0.00158201 -0.00016438    Tx =   0.00399482    Psi   =   0.00475377
 -0.00158203  0.99999875 -0.00008297    Ty =  -0.06138180    Theta =  -0.00941804
  0.00016424  0.00008323  0.99999998    Tz =   0.05992266    Phi   =  -0.09064264
 Volume=ITS/SPD0/Sector0/Stave1/HalfStave1/Ladder3
VolumeID=2055 LayerID=1 ( ITS inner pixels layer ) ModuleID=7
  0.99998864  0.00476648 -0.00007173    Tx =   0.00161156    Psi   =   0.01370764
 -0.00476649  0.99998861 -0.00023924    Ty =  -0.05052084    Theta =  -0.00410961
  0.00007059  0.00023958  0.99999997    Tz =   0.06137170    Phi   =  -0.27310008
 Volume=ITS/SPD0/Sector1
  0.99996236  0.00867275 -0.00023016    Tx =  -0.03371592    Psi   =   0.03790815
 -0.00867290  0.99996217 -0.00066162    Ty =  -0.04218495    Theta =  -0.01318721
  0.00022441  0.00066359  0.99999975    Tz =   0.00715970    Phi   =  -0.49691824
 Volume=ITS/SPD0/Sector1/Stave0/HalfStave0
  0.99999706  0.00236154 -0.00055294    Tx =  -0.01000970    Psi   =   0.05599158
 -0.00236208  0.99999673 -0.00097724    Ty =   0.02147827    Theta =  -0.03168135
  0.00055063  0.00097854  0.99999937    Tz =  -0.01518472    Phi   =  -0.13530658
 Volume=ITS/SPD0/Sector1/Stave0/HalfStave0/Ladder0
VolumeID=2056 LayerID=1 ( ITS inner pixels layer ) ModuleID=8
  0.99999916 -0.00122688  0.00042072    Tx =   0.01078268    Psi   =  -0.02236112
  0.00122671  0.99999917  0.00039028    Ty =  -0.07218036    Theta =   0.02410558
 -0.00042120 -0.00038976  0.99999984    Tz =   0.06426459    Phi   =   0.07029481
 Volume=ITS/SPD0/Sector1/Stave0/HalfStave0/Ladder1
VolumeID=2057 LayerID=1 ( ITS inner pixels layer ) ModuleID=9
  0.99997109  0.00757554 -0.00065847    Tx =  -0.00507117    Psi   =   0.04044207
 -0.00757600  0.99997105 -0.00070585    Ty =  -0.03968269    Theta =  -0.03772744
  0.00065310  0.00071082  0.99999953    Tz =   0.05700656    Phi   =  -0.43405054
 Volume=ITS/SPD0/Sector1/Stave0/HalfStave1
  0.99997365  0.00719372  0.00097687    Tx =  -0.01579176    Psi   =  -0.08976954
 -0.00719525  0.99997289  0.00156677    Ty =   0.03696030    Theta =   0.05597060
 -0.00096557 -0.00157376  0.99999830    Tz =   0.00056849    Phi   =  -0.41217357
 Volume=ITS/SPD0/Sector1/Stave0/HalfStave1/Ladder2
VolumeID=2058 LayerID=1 ( ITS inner pixels layer ) ModuleID=10
  0.99998519  0.00542572 -0.00041787    Tx =  -0.00679796    Psi   =   0.02836021
 -0.00542593  0.99998516 -0.00049498    Ty =  -0.05334234    Theta =  -0.02394191
  0.00041517  0.00049724  0.99999979    Tz =   0.05807541    Phi   =  -0.31087263
 Volume=ITS/SPD0/Sector1/Stave0/HalfStave1/Ladder3
VolumeID=2059 LayerID=1 ( ITS inner pixels layer ) ModuleID=11
  0.99999956  0.00092292  0.00018001    Tx =   0.01259536    Psi   =  -0.01025679
 -0.00092296  0.99999956  0.00017901    Ty =  -0.05847773    Theta =   0.01031387
 -0.00017985 -0.00017918  0.99999997    Tz =   0.06322240    Phi   =  -0.05287970
 Volume=ITS/SPD0/Sector1/Stave1/HalfStave0
  0.99997913 -0.00642811  0.00064167    Tx =   0.01839619    Psi   =  -0.08344247
  0.00642717  0.99997829  0.00145635    Ty =   0.00371316    Theta =   0.03676475
 -0.00065101 -0.00145219  0.99999873    Tz =   0.01101295    Phi   =   0.36830599
 Volume=ITS/SPD0/Sector1/Stave1/HalfStave0/Ladder0
VolumeID=2060 LayerID=1 ( ITS inner pixels layer ) ModuleID=12
  0.99999504 -0.00314957  0.00002293    Tx =   0.02221023    Psi   =  -0.02408136
  0.00314956  0.99999495  0.00042030    Ty =  -0.07074718    Theta =   0.00131403
 -0.00002426 -0.00042022  0.99999991    Tz =   0.06347360    Phi   =   0.18045724
 Volume=ITS/SPD0/Sector1/Stave1/HalfStave0/Ladder1
VolumeID=2061 LayerID=1 ( ITS inner pixels layer ) ModuleID=13
  0.99995486  0.00949775 -0.00026752    Tx =  -0.01645633    Psi   =   0.04213234
 -0.00949795  0.99995462 -0.00073535    Ty =  -0.04098087    Theta =  -0.01532781
  0.00026052  0.00073786  0.99999969    Tz =   0.05792005    Phi   =  -0.54418935
 Volume=ITS/SPD0/Sector1/Stave1/HalfStave1
  0.99995400  0.00956765 -0.00067148    Tx =  -0.03596569    Psi   =  -0.05449891
 -0.00956701  0.99995378  0.00095119    Ty =   0.03216399    Theta =  -0.03847270
  0.00068054 -0.00094472  0.99999932    Tz =   0.00800695    Phi   =  -0.54819455
 Volume=ITS/SPD0/Sector1/Stave1/HalfStave1/Ladder2
VolumeID=2062 LayerID=1 ( ITS inner pixels layer ) ModuleID=14
  0.99997834  0.00657595 -0.00026361    Tx =  -0.01070790    Psi   =   0.02309929
 -0.00657605  0.99997830 -0.00040316    Ty =  -0.05383732    Theta =  -0.01510364
  0.00026095  0.00040488  0.99999988    Tz =   0.06309198    Phi   =  -0.37677683
 Volume=ITS/SPD0/Sector1/Stave1/HalfStave1/Ladder3
VolumeID=2063 LayerID=1 ( ITS inner pixels layer ) ModuleID=15
  0.99999997 -0.00022779  0.00003104    Tx =   0.01593933    Psi   =  -0.00485170
  0.00022778  0.99999997  0.00008468    Ty =  -0.05823318    Theta =   0.00177849
 -0.00003106 -0.00008467  1.00000000    Tz =   0.05810068    Phi   =   0.01305122
 Volume=ITS/SPD0/Sector2
  0.99991864 -0.01274394  0.00054750    Tx =   0.11652440    Psi   =  -0.01820792
  0.01274377  0.99991874  0.00031779    Ty =  -0.05293306    Theta =   0.03136930
 -0.00055150 -0.00031079  0.99999980    Tz =  -0.02071652    Phi   =   0.73019412
 Volume=ITS/SPD0/Sector2/Stave0/HalfStave0
  0.99995216  0.00978102  0.00001095    Tx =  -0.04351928    Psi   =   0.11401164
 -0.00978098  0.99995019 -0.00198988    Ty =   0.02635850    Theta =   0.00062755
 -0.00003042  0.00198967  0.99999802    Tz =  -0.00306661    Phi   =  -0.56042021
 Volume=ITS/SPD0/Sector2/Stave0/HalfStave0/Ladder0
VolumeID=2064 LayerID=1 ( ITS inner pixels layer ) ModuleID=16
  0.99999841 -0.00176516 -0.00024053    Tx =   0.02333747    Psi   =   0.07465308
  0.00176484  0.99999759 -0.00130294    Ty =  -0.04957437    Theta =  -0.01378118
  0.00024283  0.00130252  0.99999912    Tz =   0.05596837    Phi   =   0.10113619
 Volume=ITS/SPD0/Sector2/Stave0/HalfStave0/Ladder1
VolumeID=2065 LayerID=1 ( ITS inner pixels layer ) ModuleID=17
  0.99996709  0.00811343  0.00000554    Tx =  -0.01760909    Psi   =  -0.05625326
 -0.00811344  0.99996660  0.00098180    Ty =  -0.06238840    Theta =   0.00031715
  0.00000243 -0.00098182  0.99999952    Tz =   0.06524503    Phi   =  -0.46487062
 Volume=ITS/SPD0/Sector2/Stave0/HalfStave1
  0.99984622  0.01749055 -0.00126878    Tx =  -0.07648146    Psi   =   0.00612688
 -0.01749070  0.99984702 -0.00010693    Ty =   0.01949287    Theta =  -0.07269574
  0.00126672  0.00012911  0.99999919    Tz =   0.00793613    Phi   =  -1.00218666
 Volume=ITS/SPD0/Sector2/Stave0/HalfStave1/Ladder2
VolumeID=2066 LayerID=1 ( ITS inner pixels layer ) ModuleID=18
  0.99997918  0.00644902  0.00022994    Tx =  -0.00833522    Psi   =   0.02005775
 -0.00644894  0.99997914 -0.00035007    Ty =  -0.06048524    Theta =   0.01317431
 -0.00023219  0.00034858  0.99999991    Tz =   0.05946022    Phi   =  -0.36950412
 Volume=ITS/SPD0/Sector2/Stave0/HalfStave1/Ladder3
VolumeID=2067 LayerID=1 ( ITS inner pixels layer ) ModuleID=19
  0.99999989 -0.00010070 -0.00046231    Tx =   0.01451534    Psi   =  -0.00185780
  0.00010071  0.99999999  0.00003242    Ty =  -0.05132064    Theta =  -0.02648838
  0.00046231 -0.00003247  0.99999989    Tz =   0.06180375    Phi   =   0.00576956
 Volume=ITS/SPD0/Sector2/Stave1/HalfStave0
  0.99983105  0.01836460 -0.00078167    Tx =  -0.07139936    Psi   =  -0.02371597
 -0.01836428  0.99983128  0.00041392    Ty =  -0.00509706    Theta =  -0.04478651
  0.00078914 -0.00039950  0.99999961    Tz =   0.00602090    Phi   =  -1.05227345
 Volume=ITS/SPD0/Sector2/Stave1/HalfStave0/Ladder0
VolumeID=2068 LayerID=1 ( ITS inner pixels layer ) ModuleID=20
  0.99999996 -0.00022160 -0.00017968    Tx =   0.01577282    Psi   =   0.01049616
  0.00022157  0.99999996 -0.00018319    Ty =  -0.05361186    Theta =  -0.01029473
  0.00017972  0.00018315  0.99999997    Tz =   0.06068332    Phi   =   0.01269703
 Volume=ITS/SPD0/Sector2/Stave1/HalfStave0/Ladder1
VolumeID=2069 LayerID=1 ( ITS inner pixels layer ) ModuleID=21
  0.99997842  0.00656935 -0.00006274    Tx =  -0.00985807    Psi   =   0.00787936
 -0.00656936  0.99997841 -0.00013752    Ty =  -0.05806877    Theta =  -0.00359501
  0.00006184  0.00013793  0.99999999    Tz =   0.06070598    Phi   =  -0.37639876
 Volume=ITS/SPD0/Sector2/Stave1/HalfStave1
  0.99973705  0.02289511 -0.00128032    Tx =  -0.08830847    Psi   =   0.01242387
 -0.02289541  0.99973784 -0.00021684    Ty =   0.00828684    Theta =  -0.07335693
  0.00127502  0.00024609  0.99999916    Tz =   0.01041509    Phi   =  -1.31190899
 Volume=ITS/SPD0/Sector2/Stave1/HalfStave1/Ladder2
VolumeID=2070 LayerID=1 ( ITS inner pixels layer ) ModuleID=22
  0.99999784  0.00207881  0.00002111    Tx =   0.00770505    Psi   =   0.01234393
 -0.00207880  0.99999782 -0.00021544    Ty =  -0.05581345    Theta =   0.00120971
 -0.00002156  0.00021540  0.99999998    Tz =   0.06033546    Phi   =  -0.11910703
 Volume=ITS/SPD0/Sector2/Stave1/HalfStave1/Ladder3
VolumeID=2071 LayerID=1 ( ITS inner pixels layer ) ModuleID=23
  0.99999085  0.00426939 -0.00025523    Tx =  -0.00182937    Psi   =   0.00591088
 -0.00426942  0.99999088 -0.00010316    Ty =  -0.05601561    Theta =  -0.01462374
  0.00025479  0.00010425  0.99999996    Tz =   0.06091049    Phi   =  -0.24461872
 Volume=ITS/SPD0/Sector3
  0.99993442 -0.01144872 -0.00029192    Tx =   0.13297944    Psi   =  -0.00516296
  0.01144875  0.99993446  0.00009011    Ty =   0.04329049    Theta =  -0.01672576
  0.00029087 -0.00009345  0.99999995    Tz =   0.00123531    Phi   =   0.65597778
 Volume=ITS/SPD0/Sector3/Stave0/HalfStave0
  0.99998223  0.00594859  0.00039552    Tx =  -0.03715215    Psi   =   0.02987150
 -0.00594838  0.99998217 -0.00052136    Ty =  -0.02045807    Theta =   0.02266186
 -0.00039862  0.00051899  0.99999979    Tz =   0.00843343    Phi   =  -0.34083086
 Volume=ITS/SPD0/Sector3/Stave0/HalfStave0/Ladder0
VolumeID=2072 LayerID=1 ( ITS inner pixels layer ) ModuleID=24
  0.99999575  0.00289572 -0.00033141    Tx =   0.00440751    Psi   =  -0.00706516
 -0.00289568  0.99999580  0.00012331    Ty =  -0.05691930    Theta =  -0.01898832
  0.00033176 -0.00012235  0.99999994    Tz =   0.06187816    Phi   =  -0.16591263
 Volume=ITS/SPD0/Sector3/Stave0/HalfStave0/Ladder1
VolumeID=2073 LayerID=1 ( ITS inner pixels layer ) ModuleID=25
  0.99999403  0.00345267  0.00009663    Tx =   0.00166050    Psi   =   0.02561469
 -0.00345262  0.99999394 -0.00044706    Ty =  -0.05502696    Theta =   0.00553677
 -0.00009818  0.00044672  0.99999990    Tz =   0.05953753    Phi   =  -0.19782371
 Volume=ITS/SPD0/Sector3/Stave0/HalfStave1
  0.99997437 -0.00714128 -0.00050581    Tx =   0.01885153    Psi   =   0.00881368
  0.00714120  0.99997449 -0.00015383    Ty =   0.01470257    Theta =  -0.02898064
  0.00050689  0.00015021  0.99999986    Tz =   0.01688342    Phi   =   0.40916883
 Volume=ITS/SPD0/Sector3/Stave0/HalfStave1/Ladder2
VolumeID=2074 LayerID=1 ( ITS inner pixels layer ) ModuleID=26
  0.99998490  0.00546079 -0.00060974    Tx =  -0.00730457    Psi   =  -0.01154663
 -0.00546067  0.99998507  0.00020153    Ty =  -0.05968297    Theta =  -0.03493550
  0.00061083 -0.00019819  0.99999979    Tz =   0.06293988    Phi   =  -0.31288182
 Volume=ITS/SPD0/Sector3/Stave0/HalfStave1/Ladder3
VolumeID=2075 LayerID=1 ( ITS inner pixels layer ) ModuleID=27
  0.99999954  0.00088716  0.00037203    Tx =   0.01309867    Psi   =   0.02981101
 -0.00088697  0.99999947 -0.00052030    Ty =  -0.05210895    Theta =   0.02131598
 -0.00037250  0.00051997  0.99999980    Tz =   0.05836492    Phi   =  -0.05083072
 Volume=ITS/SPD0/Sector3/Stave1/HalfStave0
  0.99999945 -0.00091236  0.00050982    Tx =  -0.01520478    Psi   =   0.07529850
  0.00091303  0.99999872 -0.00131421    Ty =   0.00538092    Theta =   0.02921078
 -0.00050862  0.00131467  0.99999901    Tz =  -0.01191269    Phi   =   0.05227444
 Volume=ITS/SPD0/Sector3/Stave1/HalfStave0/Ladder0
VolumeID=2076 LayerID=1 ( ITS inner pixels layer ) ModuleID=28
  0.99999458  0.00313397  0.00101028    Tx =  -0.00442621    Psi   =   0.06295233
 -0.00313286  0.99999449 -0.00109872    Ty =  -0.04975049    Theta =   0.05788462
 -0.00101371  0.00109555  0.99999889    Tz =   0.05519066    Phi   =  -0.17956362
 Volume=ITS/SPD0/Sector3/Stave1/HalfStave0/Ladder1
VolumeID=2077 LayerID=1 ( ITS inner pixels layer ) ModuleID=29
  0.99999406  0.00321433 -0.00124575    Tx =   0.01055682    Psi   =  -0.04453848
 -0.00321336  0.99999454  0.00077734    Ty =  -0.06196845    Theta =  -0.07137625
  0.00124824 -0.00077333  0.99999892    Tz =   0.06610321    Phi   =  -0.18416779
 Volume=ITS/SPD0/Sector3/Stave1/HalfStave1
  0.99996268  0.00860407 -0.00078324    Tx =  -0.03234002    Psi   =  -0.05292650
 -0.00860334  0.99996256  0.00092374    Ty =  -0.03241582    Theta =  -0.04487628
  0.00079116 -0.00091697  0.99999927    Tz =  -0.00003320    Phi   =  -0.49298297
 Volume=ITS/SPD0/Sector3/Stave1/HalfStave1/Ladder2
VolumeID=2078 LayerID=1 ( ITS inner pixels layer ) ModuleID=30
  0.99998436  0.00559134 -0.00008633    Tx =  -0.00345454    Psi   =   0.01563102
 -0.00559136  0.99998433 -0.00027281    Ty =  -0.06333665    Theta =  -0.00494648
  0.00008481  0.00027329  0.99999996    Tz =   0.05942643    Phi   =  -0.32036184
 Volume=ITS/SPD0/Sector3/Stave1/HalfStave1/Ladder3
VolumeID=2079 LayerID=1 ( ITS inner pixels layer ) ModuleID=31
  0.99999970  0.00075661 -0.00014988    Tx =   0.00952656    Psi   =   0.00262932
 -0.00075662  0.99999971 -0.00004589    Ty =  -0.04837913    Theta =  -0.00858763
  0.00014985  0.00004600  0.99999999    Tz =   0.06188658    Phi   =  -0.04335057
 Volume=ITS/SPD0/Sector4
  0.99999838  0.00175791  0.00037897    Tx =   0.05348889    Psi   =   0.01969790
 -0.00175778  0.99999840 -0.00034379    Ty =  -0.00386559    Theta =   0.02171353
 -0.00037958  0.00034313  0.99999987    Tz =  -0.01612337    Phi   =  -0.10072085
 Volume=ITS/SPD0/Sector4/Stave0/HalfStave0
  0.99994108 -0.01079562 -0.00113897    Tx =   0.03361742    Psi   =   0.00042240
  0.01079561  0.99994173 -0.00000737    Ty =   0.07847470    Theta =  -0.06525833
  0.00113899 -0.00000492  0.99999935    Tz =  -0.00347325    Phi   =   0.61855563
 Volume=ITS/SPD0/Sector4/Stave0/HalfStave0/Ladder0
VolumeID=2080 LayerID=1 ( ITS inner pixels layer ) ModuleID=32
  0.99999221  0.00393201 -0.00035576    Tx =   0.00561322    Psi   =  -0.00402089
 -0.00393198  0.99999227  0.00007018    Ty =  -0.06165878    Theta =  -0.02038330
  0.00035603 -0.00006878  0.99999993    Tz =   0.06177841    Phi   =  -0.22528807
 Volume=ITS/SPD0/Sector4/Stave0/HalfStave0/Ladder1
VolumeID=2081 LayerID=1 ( ITS inner pixels layer ) ModuleID=33
  0.99999708  0.00241495  0.00012485    Tx =   0.00058072    Psi   =   0.02237283
 -0.00241490  0.99999701 -0.00039048    Ty =  -0.05016717    Theta =   0.00715311
 -0.00012579  0.00039018  0.99999992    Tz =   0.05934972    Phi   =  -0.13836663
 Volume=ITS/SPD0/Sector4/Stave0/HalfStave1
  0.99994393 -0.01058523 -0.00029138    Tx =   0.03784187    Psi   =  -0.00184679
  0.01058524  0.99994397  0.00003223    Ty =   0.08054097    Theta =  -0.01669494
  0.00029102 -0.00003532  0.99999996    Tz =  -0.00114555    Phi   =   0.60650022
 Volume=ITS/SPD0/Sector4/Stave0/HalfStave1/Ladder2
VolumeID=2082 LayerID=1 ( ITS inner pixels layer ) ModuleID=34
  0.99999920 -0.00114464 -0.00054312    Tx =   0.00510145    Psi   =   0.00805935
  0.00114456  0.99999934 -0.00014066    Ty =  -0.03800929    Theta =  -0.03111822
  0.00054328  0.00014004  0.99999984    Tz =   0.05954879    Phi   =   0.06558282
 Volume=ITS/SPD0/Sector4/Stave0/HalfStave1/Ladder3
VolumeID=2083 LayerID=1 ( ITS inner pixels layer ) ModuleID=35
  0.99997188  0.00749325  0.00031205    Tx =   0.00114186    Psi   =   0.00971044
 -0.00749320  0.99997191 -0.00016948    Ty =  -0.07373159    Theta =   0.01787889
 -0.00031331  0.00016714  0.99999994    Tz =   0.06165468    Phi   =  -0.42933584
 Volume=ITS/SPD0/Sector4/Stave1/HalfStave0
  0.99963597 -0.02697029  0.00072255    Tx =   0.01351813    Psi   =   0.01227122
  0.02697045  0.99963621 -0.00021417    Ty =   0.15063748    Theta =   0.04139892
 -0.00071651  0.00023358  0.99999972    Tz =  -0.00052656    Phi   =   1.54547163
 Volume=ITS/SPD0/Sector4/Stave1/HalfStave0/Ladder0
VolumeID=2084 LayerID=1 ( ITS inner pixels layer ) ModuleID=36
  0.99999671  0.00256646 -0.00000941    Tx =   0.00620627    Psi   =   0.02667335
 -0.00256646  0.99999660 -0.00046554    Ty =  -0.05345381    Theta =  -0.00053940
  0.00000822  0.00046556  0.99999989    Tz =   0.05084767    Phi   =  -0.14704742
 Volume=ITS/SPD0/Sector4/Stave1/HalfStave0/Ladder1
VolumeID=2085 LayerID=1 ( ITS inner pixels layer ) ModuleID=37
  0.99999419  0.00316881 -0.00125313    Tx =   0.01423285    Psi   =   0.02375259
 -0.00316933  0.99999489 -0.00041456    Ty =  -0.05576197    Theta =  -0.07179905
  0.00125181  0.00041853  0.99999913    Tz =   0.05367179    Phi   =  -0.18156005
 Volume=ITS/SPD0/Sector4/Stave1/HalfStave1
  0.99947634 -0.03233124 -0.00131855    Tx =   0.02473721    Psi   =   0.04722356
  0.03233017  0.99947690 -0.00082421    Ty =   0.17068335    Theta =  -0.07554722
  0.00134451  0.00078115  0.99999879    Tz =  -0.00270984    Phi   =   1.85276803
 Volume=ITS/SPD0/Sector4/Stave1/HalfStave1/Ladder2
VolumeID=2086 LayerID=1 ( ITS inner pixels layer ) ModuleID=38
  0.99999102  0.00421656 -0.00043295    Tx =  -0.00035835    Psi   =   0.00914142
 -0.00421663  0.99999110 -0.00015955    Ty =  -0.05970482    Theta =  -0.02480597
  0.00043227  0.00016137  0.99999989    Tz =   0.06011728    Phi   =  -0.24159182
 Volume=ITS/SPD0/Sector4/Stave1/HalfStave1/Ladder3
VolumeID=2087 LayerID=1 ( ITS inner pixels layer ) ModuleID=39
  0.99999771  0.00213184  0.00019810    Tx =   0.00644231    Psi   =   0.00892668
 -0.00213181  0.99999772 -0.00015580    Ty =  -0.05206881    Theta =   0.01135026
 -0.00019843  0.00015538  0.99999997    Tz =   0.06113415    Phi   =  -0.12214558
 Volume=ITS/SPD0/Sector5
  0.99999518  0.00300243 -0.00079482    Tx =   0.04695007    Psi   =   0.01823162
 -0.00300268  0.99999544 -0.00031820    Ty =  -0.01965306    Theta =  -0.04553960
  0.00079386  0.00032059  0.99999963    Tz =   0.00470374    Phi   =  -0.17202660
 Volume=ITS/SPD0/Sector5/Stave0/HalfStave0
  0.99986515 -0.01623911  0.00244263    Tx =  -0.04191054    Psi   =  -0.03700716
  0.01623758  0.99986795  0.00064589    Ty =   0.13765967    Theta =   0.13995263
 -0.00245280 -0.00060615  0.99999681    Tz =  -0.00080374    Phi   =   0.93047632
 Volume=ITS/SPD0/Sector5/Stave0/HalfStave0/Ladder0
VolumeID=2088 LayerID=1 ( ITS inner pixels layer ) ModuleID=40
  0.99999992  0.00039038 -0.00004409    Tx =  -0.00095120    Psi   =  -0.00229072
 -0.00039037  0.99999992  0.00003998    Ty =  -0.04597382    Theta =  -0.00252593
  0.00004410 -0.00003996  1.00000000    Tz =   0.06010342    Phi   =  -0.02236689
 Volume=ITS/SPD0/Sector5/Stave0/HalfStave0/Ladder1
VolumeID=2089 LayerID=1 ( ITS inner pixels layer ) ModuleID=41
  0.99998221  0.00596182 -0.00019357    Tx =   0.00681620    Psi   =   0.02050564
 -0.00596188  0.99998216 -0.00035789    Ty =  -0.06579630    Theta =  -0.01109062
  0.00019143  0.00035904  0.99999992    Tz =   0.06111063    Phi   =  -0.34158890
 Volume=ITS/SPD0/Sector5/Stave0/HalfStave1
  0.99998826 -0.00483909  0.00023859    Tx =  -0.01074551    Psi   =   0.03163409
  0.00483922  0.99998814 -0.00055212    Ty =   0.09469946    Theta =   0.01367044
 -0.00023592  0.00055327  0.99999982    Tz =   0.00730276    Phi   =   0.27726028
 Volume=ITS/SPD0/Sector5/Stave0/HalfStave1/Ladder2
VolumeID=2090 LayerID=1 ( ITS inner pixels layer ) ModuleID=42
  0.99999564  0.00288543  0.00062697    Tx =   0.00792309    Psi   =   0.00076533
 -0.00288542  0.99999584 -0.00001336    Ty =  -0.05349552    Theta =   0.03592270
 -0.00062701  0.00001155  0.99999980    Tz =   0.05519582    Phi   =  -0.16532295
 Volume=ITS/SPD0/Sector5/Stave0/HalfStave1/Ladder3
VolumeID=2091 LayerID=1 ( ITS inner pixels layer ) ModuleID=43
  0.99999364  0.00346254 -0.00086014    Tx =  -0.00213368    Psi   =   0.01763503
 -0.00346280  0.99999396 -0.00030779    Ty =  -0.05832128    Theta =  -0.04928245
  0.00085907  0.00031077  0.99999958    Tz =   0.06604366    Phi   =  -0.19838932
 Volume=ITS/SPD0/Sector5/Stave1/HalfStave0
  0.99987603  0.01574152 -0.00035540    Tx =   0.05067903    Psi   =  -0.00989933
 -0.01574146  0.99987608  0.00017278    Ty =   0.04259359    Theta =  -0.02036281
  0.00035807 -0.00016716  0.99999992    Tz =   0.00554905    Phi   =  -0.90196017
 Volume=ITS/SPD0/Sector5/Stave1/HalfStave0/Ladder0
VolumeID=2092 LayerID=1 ( ITS inner pixels layer ) ModuleID=44
  0.99999074  0.00414575 -0.00115735    Tx =   0.01462776    Psi   =   0.06855259
 -0.00414714  0.99999068 -0.00119647    Ty =  -0.05039948    Theta =  -0.06631116
  0.00115238  0.00120126  0.99999861    Tz =   0.06518874    Phi   =  -0.23753510
 Volume=ITS/SPD0/Sector5/Stave1/HalfStave0/Ladder1
VolumeID=2093 LayerID=1 ( ITS inner pixels layer ) ModuleID=45
  0.99999715  0.00220194  0.00092722    Tx =  -0.00872317    Psi   =  -0.04958865
 -0.00220275  0.99999720  0.00086548    Ty =  -0.06122018    Theta =   0.05312603
 -0.00092532 -0.00086752  0.99999920    Tz =   0.05606628    Phi   =  -0.12616229
 Volume=ITS/SPD0/Sector5/Stave1/HalfStave1
  0.99999543 -0.00301919  0.00012548    Tx =   0.00636778    Psi   =   0.03578980
  0.00301927  0.99999525 -0.00062465    Ty =   0.07837802    Theta =   0.00718923
 -0.00012359  0.00062503  0.99999980    Tz =   0.01646708    Phi   =   0.17298695
 Volume=ITS/SPD0/Sector5/Stave1/HalfStave1/Ladder2
VolumeID=2094 LayerID=1 ( ITS inner pixels layer ) ModuleID=46
  0.99998424  0.00557508  0.00066420    Tx =   0.01388089    Psi   =  -0.00981150
 -0.00557519  0.99998444  0.00017124    Ty =  -0.06162895    Theta =   0.03805603
 -0.00066324 -0.00017494  0.99999976    Tz =   0.04938722    Phi   =  -0.31943007
 Volume=ITS/SPD0/Sector5/Stave1/HalfStave1/Ladder3
VolumeID=2095 LayerID=1 ( ITS inner pixels layer ) ModuleID=47
  0.99999930  0.00077290 -0.00089742    Tx =  -0.00791850    Psi   =   0.02831018
 -0.00077335  0.99999958 -0.00049411    Ty =  -0.05022615    Theta =  -0.05141823
  0.00089704  0.00049480  0.99999948    Tz =   0.05851245    Phi   =  -0.04428409
 Volume=ITS/SPD0/Sector6
  0.99997080 -0.00764159  0.00004927    Tx =  -0.00286181    Psi   =   0.01334111
  0.00764161  0.99997078 -0.00023285    Ty =   0.09390224    Theta =   0.00282295
 -0.00004749  0.00023322  0.99999997    Tz =   0.02213514    Phi   =   0.43783534
 Volume=ITS/SPD0/Sector6/Stave0/HalfStave0
  0.99998547 -0.00538976  0.00013459    Tx =  -0.05167513    Psi   =   0.01799498
  0.00538980  0.99998543 -0.00031407    Ty =   0.02548819    Theta =   0.00771134
 -0.00013289  0.00031479  0.99999994    Tz =  -0.00729349    Phi   =   0.30881212
 Volume=ITS/SPD0/Sector6/Stave0/HalfStave0/Ladder0
VolumeID=2096 LayerID=1 ( ITS inner pixels layer ) ModuleID=48
  0.99999538  0.00303881 -0.00012248    Tx =   0.00346616    Psi   =   0.00578783
 -0.00303883  0.99999538 -0.00010102    Ty =  -0.05458278    Theta =  -0.00701750
  0.00012217  0.00010139  0.99999999    Tz =   0.05932298    Phi   =  -0.17411152
 Volume=ITS/SPD0/Sector6/Stave0/HalfStave0/Ladder1
VolumeID=2097 LayerID=1 ( ITS inner pixels layer ) ModuleID=49
  0.99999452  0.00330997 -0.00011828    Tx =   0.00228851    Psi   =   0.01234187
 -0.00330999  0.99999450 -0.00021541    Ty =  -0.05709127    Theta =  -0.00677713
  0.00011757  0.00021580  0.99999997    Tz =   0.06198028    Phi   =  -0.18964762
 Volume=ITS/SPD0/Sector6/Stave0/HalfStave1
  0.99996062 -0.00886482  0.00042115    Tx =  -0.06676942    Psi   =  -0.07470895
  0.00886427  0.99995986  0.00130392    Ty =   0.03575713    Theta =   0.02413031
 -0.00043270 -0.00130013  0.99999906    Tz =  -0.00568455    Phi   =   0.50792374
 Volume=ITS/SPD0/Sector6/Stave0/HalfStave1/Ladder2
VolumeID=2098 LayerID=1 ( ITS inner pixels layer ) ModuleID=50
  0.99999998  0.00019985 -0.00009311    Tx =  -0.00596524    Psi   =   0.01867872
 -0.00019988  0.99999993 -0.00032601    Ty =  -0.04826205    Theta =  -0.00533484
  0.00009305  0.00032602  0.99999994    Tz =   0.05577950    Phi   =  -0.01145032
 Volume=ITS/SPD0/Sector6/Stave0/HalfStave1/Ladder3
VolumeID=2099 LayerID=1 ( ITS inner pixels layer ) ModuleID=51
  0.99998108  0.00614923 -0.00014692    Tx =   0.01201156    Psi   =  -0.00062625
 -0.00614923  0.99998109  0.00001093    Ty =  -0.06340680    Theta =  -0.00841768
  0.00014698 -0.00001003  0.99999999    Tz =   0.05581815    Phi   =  -0.35232696
 Volume=ITS/SPD0/Sector6/Stave1/HalfStave0
  0.99998505 -0.00535963 -0.00107992    Tx =  -0.04550805    Psi   =   0.04071125
  0.00535887  0.99998539 -0.00071054    Ty =   0.02560481    Theta =  -0.06187474
  0.00108371  0.00070475  0.99999916    Tz =   0.01357225    Phi   =   0.30708593
 Volume=ITS/SPD0/Sector6/Stave1/HalfStave0/Ladder0
VolumeID=2100 LayerID=1 ( ITS inner pixels layer ) ModuleID=52
  0.99999702  0.00243339  0.00020854    Tx =  -0.00044081    Psi   =  -0.04098758
 -0.00243354  0.99999678  0.00071537    Ty =  -0.05832699    Theta =   0.01194820
 -0.00020679 -0.00071587  0.99999972    Tz =   0.05419851    Phi   =  -0.13942335
 Volume=ITS/SPD0/Sector6/Stave1/HalfStave0/Ladder1
VolumeID=2101 LayerID=1 ( ITS inner pixels layer ) ModuleID=53
  0.99999224  0.00391480 -0.00044243    Tx =   0.00592582    Psi   =   0.05926930
 -0.00391526  0.99999180 -0.00103444    Ty =  -0.05341857    Theta =  -0.02534924
  0.00043837  0.00103617  0.99999937    Tz =   0.06702186    Phi   =  -0.22430212
 Volume=ITS/SPD0/Sector6/Stave1/HalfStave1
  0.99984796  0.01743610 -0.00019012    Tx =   0.08890564    Psi   =  -0.00985435
 -0.01743607  0.99984797  0.00017199    Ty =  -0.12849916    Theta =  -0.01089309
  0.00019309 -0.00016865  0.99999997    Tz =  -0.01974618    Phi   =  -0.99906574
 Volume=ITS/SPD0/Sector6/Stave1/HalfStave1/Ladder2
VolumeID=2102 LayerID=1 ( ITS inner pixels layer ) ModuleID=54
  0.99999496  0.00317409 -0.00011785    Tx =   0.00295794    Psi   =   0.00910901
 -0.00317411  0.99999495 -0.00015898    Ty =  -0.05589482    Theta =  -0.00675241
  0.00011735  0.00015936  0.99999998    Tz =   0.06063762    Phi   =  -0.18186221
 Volume=ITS/SPD0/Sector6/Stave1/HalfStave1/Ladder3
VolumeID=2103 LayerID=1 ( ITS inner pixels layer ) ModuleID=55
  0.99999496  0.00317409 -0.00011785    Tx =   0.00295794    Psi   =   0.00910901
 -0.00317411  0.99999495 -0.00015898    Ty =  -0.05589482    Theta =  -0.00675241
  0.00011735  0.00015936  0.99999998    Tz =   0.06063762    Phi   =  -0.18186221
 Volume=ITS/SPD0/Sector7
  0.99999710 -0.00240500 -0.00010784    Tx =  -0.05048063    Psi   =   0.04319107
  0.00240491  0.99999682 -0.00075383    Ty =   0.06621677    Theta =  -0.00617862
  0.00010965  0.00075356  0.99999971    Tz =  -0.00282893    Phi   =   0.13779620
 Volume=ITS/SPD0/Sector7/Stave0/HalfStave0
  0.99998851  0.00478581 -0.00026694    Tx =   0.02161000    Psi   =   0.03189130
 -0.00478596  0.99998839 -0.00055661    Ty =   0.01048186    Theta =  -0.01529443
  0.00026427  0.00055788  0.99999981    Tz =  -0.00895920    Phi   =  -0.27420794
 Volume=ITS/SPD0/Sector7/Stave0/HalfStave0/Ladder0
VolumeID=2104 LayerID=1 ( ITS inner pixels layer ) ModuleID=56
  0.99999948  0.00009907  0.00101774    Tx =  -0.01423598    Psi   =   0.11360617
 -0.00009705  0.99999803 -0.00198280    Ty =  -0.03957903    Theta =   0.05831215
 -0.00101793  0.00198270  0.99999752    Tz =   0.06803250    Phi   =  -0.00567647
 Volume=ITS/SPD0/Sector7/Stave0/HalfStave0/Ladder1
VolumeID=2105 LayerID=1 ( ITS inner pixels layer ) ModuleID=57
  0.99997969  0.00624860 -0.00125823    Tx =   0.01928549    Psi   =  -0.09516147
 -0.00624650  0.99997911  0.00166088    Ty =  -0.07201769    Theta =  -0.07209128
  0.00126858 -0.00165299  0.99999783    Tz =   0.06291840    Phi   =  -0.35802077
 Volume=ITS/SPD0/Sector7/Stave0/HalfStave1
  0.99981650  0.01914412 -0.00067937    Tx =   0.08596488    Psi   =  -0.01124210
 -0.01914399  0.99981672  0.00019621    Ty =  -0.01788119    Theta =  -0.03892498
  0.00068300 -0.00018317  0.99999975    Tz =  -0.00640680    Phi   =  -1.09694467
 Volume=ITS/SPD0/Sector7/Stave0/HalfStave1/Ladder2
VolumeID=2106 LayerID=1 ( ITS inner pixels layer ) ModuleID=58
  0.99999781  0.00209007 -0.00012560    Tx =  -0.00239572    Psi   =  -0.00664118
 -0.00209005  0.99999781  0.00011591    Ty =  -0.05353802    Theta =  -0.00719640
  0.00012584 -0.00011565  0.99999999    Tz =   0.06726978    Phi   =  -0.11975200
 Volume=ITS/SPD0/Sector7/Stave0/HalfStave1/Ladder3
VolumeID=2107 LayerID=1 ( ITS inner pixels layer ) ModuleID=59
  0.99999758  0.00219563 -0.00011325    Tx =  -0.00094722    Psi   =   0.02474419
 -0.00219568  0.99999750 -0.00043187    Ty =  -0.05604013    Theta =  -0.00648888
  0.00011230  0.00043212  0.99999990    Tz =   0.07495404    Phi   =  -0.12580053
 Volume=ITS/SPD0/Sector7/Stave1/HalfStave0
  0.99999433 -0.00334386  0.00040308    Tx =  -0.00932191    Psi   =  -0.10678192
  0.00334310  0.99999268  0.00186369    Ty =  -0.00487037    Theta =   0.02309505
 -0.00040931 -0.00186234  0.99999818    Tz =  -0.01408554    Phi   =   0.19158930
 Volume=ITS/SPD0/Sector7/Stave1/HalfStave0/Ladder0
VolumeID=2108 LayerID=1 ( ITS inner pixels layer ) ModuleID=60
  0.99979024  0.02047333 -0.00056392    Tx =   0.07029961    Psi   =   0.00750024
 -0.02047341  0.99979039 -0.00013090    Ty =  -0.05619137    Theta =  -0.03231044
  0.00056113  0.00014242  0.99999983    Tz =   0.06330044    Phi   =  -1.17311747
 Volume=ITS/SPD0/Sector7/Stave1/HalfStave0/Ladder1
VolumeID=2109 LayerID=1 ( ITS inner pixels layer ) ModuleID=61
  0.99993718  0.01120074 -0.00041422    Tx =   0.03516788    Psi   =  -0.08139546
 -0.01120014  0.99993627  0.00142062    Ty =  -0.06945626    Theta =  -0.02373285
  0.00043010 -0.00141589  0.99999891    Tz =   0.06043242    Phi   =  -0.64176857
 Volume=ITS/SPD0/Sector7/Stave1/HalfStave1
  0.99997732  0.00673467  0.00009522    Tx =   0.02685419    Psi   =  -0.13537524
 -0.00673488  0.99997453  0.00236274    Ty =   0.00570668    Theta =   0.00545575
 -0.00007931 -0.00236333  0.99999720    Tz =  -0.00916139    Phi   =  -0.38587133
 Volume=ITS/SPD0/Sector7/Stave1/HalfStave1/Ladder2
VolumeID=2110 LayerID=1 ( ITS inner pixels layer ) ModuleID=62
  0.99998565  0.00535410 -0.00016413    Tx =   0.01078276    Psi   =   0.00142494
 -0.00535410  0.99998567 -0.00002487    Ty =  -0.05349948    Theta =  -0.00940420
  0.00016400  0.00002575  0.99999999    Tz =   0.06895272    Phi   =  -0.30676883
 Volume=ITS/SPD0/Sector7/Stave1/HalfStave1/Ladder3
VolumeID=2111 LayerID=1 ( ITS inner pixels layer ) ModuleID=63
  0.99999950  0.00099373 -0.00008252    Tx =  -0.00544479    Psi   =   0.01683708
 -0.00099376  0.99999946 -0.00029386    Ty =  -0.05802479    Theta =  -0.00472825
  0.00008223  0.00029394  0.99999995    Tz =   0.06891743    Phi   =  -0.05693673
 Volume=ITS/SPD0/Sector8
  0.99996896 -0.00787804  0.00007872    Tx =  -0.07860008    Psi   =  -0.03328573
  0.00787799  0.99996880  0.00058095    Ty =   0.00547971    Theta =   0.00451050
 -0.00008330 -0.00058031  0.99999983    Tz =  -0.03040025    Phi   =   0.45138320
 Volume=ITS/SPD0/Sector8/Stave0/HalfStave0
  0.99985098  0.01725919 -0.00038305    Tx =   0.05646518    Psi   =   0.02325856
 -0.01725935  0.99985096 -0.00040594    Ty =   0.00185694    Theta =  -0.02194730
  0.00037599  0.00041249  0.99999984    Tz =   0.00318286    Phi   =  -0.98892809
 Volume=ITS/SPD0/Sector8/Stave0/HalfStave0/Ladder0
VolumeID=2112 LayerID=1 ( ITS inner pixels layer ) ModuleID=64
  0.99998919  0.00464779 -0.00011928    Tx =   0.00783524    Psi   =  -0.00918034
 -0.00464777  0.99998919  0.00016023    Ty =  -0.05428862    Theta =  -0.00683425
  0.00012002 -0.00015967  0.99999998    Tz =   0.06226972    Phi   =  -0.26629952
 Volume=ITS/SPD0/Sector8/Stave0/HalfStave0/Ladder1
VolumeID=2113 LayerID=1 ( ITS inner pixels layer ) ModuleID=65
  0.99999855  0.00170042 -0.00011572    Tx =  -0.00203991    Psi   =   0.02745759
 -0.00170047  0.99999844 -0.00047923    Ty =  -0.05747495    Theta =  -0.00663030
  0.00011491  0.00047942  0.99999988    Tz =   0.06217444    Phi   =  -0.09742668
 Volume=ITS/SPD0/Sector8/Stave0/HalfStave1
  0.99991307  0.01318500  0.00006865    Tx =   0.03860808    Psi   =   0.07059978
 -0.01318490  0.99991232 -0.00123220    Ty =  -0.00874970    Theta =   0.00393336
 -0.00008489  0.00123119  0.99999924    Tz =   0.00965904    Phi   =  -0.75546669
 Volume=ITS/SPD0/Sector8/Stave0/HalfStave1/Ladder2
VolumeID=2114 LayerID=1 ( ITS inner pixels layer ) ModuleID=66
  0.99998938  0.00460906  0.00003380    Tx =   0.00870430    Psi   =   0.01381332
 -0.00460905  0.99998935 -0.00024109    Ty =  -0.05239520    Theta =   0.00193665
 -0.00003491  0.00024093  0.99999997    Tz =   0.06299418    Phi   =  -0.26408036
 Volume=ITS/SPD0/Sector8/Stave0/HalfStave1/Ladder3
VolumeID=2115 LayerID=1 ( ITS inner pixels layer ) ModuleID=67
  0.99999845  0.00173898 -0.00027207    Tx =  -0.00287545    Psi   =   0.00447433
 -0.00173900  0.99999848 -0.00007809    Ty =  -0.05932934    Theta =  -0.01558829
  0.00027193  0.00007856  0.99999996    Tz =   0.06015854    Phi   =  -0.09963624
 Volume=ITS/SPD0/Sector8/Stave1/HalfStave0
  0.99987808  0.01557848  0.00106366    Tx =   0.02893287    Psi   =   0.07493118
 -0.01557708  0.99987781 -0.00130779    Ty =   0.02218489    Theta =   0.06094317
 -0.00108390  0.00129107  0.99999858    Tz =   0.01647994    Phi   =  -0.89261773
 Volume=ITS/SPD0/Sector8/Stave1/HalfStave0/Ladder0
VolumeID=2116 LayerID=1 ( ITS inner pixels layer ) ModuleID=68
  0.99999972  0.00070929 -0.00024915    Tx =  -0.00398543    Psi   =  -0.00760363
 -0.00070925  0.99999974  0.00013271    Ty =  -0.06320325    Theta =  -0.01427502
  0.00024924 -0.00013253  0.99999996    Tz =   0.05937790    Phi   =  -0.04063912
 Volume=ITS/SPD0/Sector8/Stave1/HalfStave0/Ladder1
VolumeID=2117 LayerID=1 ( ITS inner pixels layer ) ModuleID=69
  0.99998410  0.00563880  0.00001778    Tx =   0.01009843    Psi   =   0.02569792
 -0.00563879  0.99998400 -0.00044851    Ty =  -0.04860704    Theta =   0.00101881
 -0.00002031  0.00044841  0.99999990    Tz =   0.06186688    Phi   =  -0.32308111
 Volume=ITS/SPD0/Sector8/Stave1/HalfStave1
  0.99981736  0.01909024  0.00090070    Tx =   0.04316068    Psi   =   0.09792690
 -0.01908869  0.99981633 -0.00170915    Ty =   0.02410132    Theta =   0.05160605
 -0.00093316  0.00169164  0.99999813    Tz =   0.01587702    Phi   =  -1.09385732
 Volume=ITS/SPD0/Sector8/Stave1/HalfStave1/Ladder2
VolumeID=2118 LayerID=1 ( ITS inner pixels layer ) ModuleID=70
  0.99999057  0.00431663  0.00047137    Tx =   0.00954676    Psi   =   0.02402697
 -0.00431644  0.99999060 -0.00041935    Ty =  -0.05447672    Theta =   0.02700726
 -0.00047317  0.00041731  0.99999980    Tz =   0.06327564    Phi   =  -0.24732572
 Volume=ITS/SPD0/Sector8/Stave1/HalfStave1/Ladder3
VolumeID=2119 LayerID=1 ( ITS inner pixels layer ) ModuleID=71
  0.99999769  0.00203123 -0.00070648    Tx =  -0.00317478    Psi   =  -0.00573891
 -0.00203116  0.99999793  0.00010016    Ty =  -0.05733096    Theta =  -0.04047843
  0.00070668 -0.00009873  0.99999975    Tz =   0.05802367    Phi   =  -0.11638113
 Volume=ITS/SPD0/Sector9
  0.99999160  0.00407514 -0.00043962    Tx =  -0.02674928    Psi   =  -0.00025076
 -0.00407514  0.99999170  0.00000438    Ty =  -0.01631518    Theta =  -0.02518841
  0.00043963 -0.00000259  0.99999990    Tz =  -0.01625663    Phi   =  -0.23348887
 Volume=ITS/SPD0/Sector9/Stave0/HalfStave0
  0.99932778 -0.03608039  0.00649589    Tx =  -0.10375790    Psi   =   0.61046336
  0.03614827  0.99928964 -0.01065417    Ty =  -0.00092861    Theta =   0.37218984
 -0.00610687  0.01088182  0.99992214    Tz =   0.00034957    Phi   =   2.06774673
 Volume=ITS/SPD0/Sector9/Stave0/HalfStave0/Ladder0
VolumeID=2120 LayerID=1 ( ITS inner pixels layer ) ModuleID=72
  0.99986942  0.01452925 -0.00707365    Tx =   0.08959246    Psi   =  -0.59457700
 -0.01445543  0.99984167  0.01037688    Ty =  -0.12004464    Theta =  -0.40529391
